   0    0    0    0    0    0    0    0    0    0    0    0    0    0    0    0 
  3e   31   2b    0    0    0    0    0    0    0    0    0    0    0    0    0 
  3f   32   2c    0    0    0    0    0    0    0    0    0    0    0    0    0 
  40   33   2d    0    0    0    0    0    0    0    0    0    0    0    0    0 
  3f   32   2c    0    0    0    0    0    0    0    0    0    0    0    0    0 
  41   34   2e    0    0    0    0    0    0    0    0    0    0    0    0    0 
  43   36   30    0    0    0    0    0    0    0    0    0    0    0    0    0 
  46   39   33    0    0    0    0    0    0    0    0    0    0    0    0    0 
  3e   31   2b    0    0    0    0    0    0    0    0    0    0    0    0    0 
  3f   32   2c    0    0    0    0    0    0    0    0    0    0    0    0    0 
  40   33   2d    0    0    0    0    0    0    0    0    0    0    0    0    0 
  3f   32   2c    0    0    0    0    0    0    0    0    0    0    0    0    0 
  41   34   2e    0    0    0    0    0    0    0    0    0    0    0    0    0 
  43   36   30    0    0    0    0    0    0    0    0    0    0    0    0    0 
  46   39   33    0    0    0    0    0    0    0    0    0    0    0    0    0 
  48   3b   35    0    0    0    0    0    0    0    0    0    0    0    0    0 
  3f   32   2c    0    0    0    0    0    0    0    0    0    0    0    0    0 
  40   33   2d    0    0    0    0    0    0    0    0    0    0    0    0    0 
  3f   32   2c    0    0    0    0    0    0    0    0    0    0    0    0    0 
  41   34   2e    0    0    0    0    0    0    0    0    0    0    0    0    0 
  43   36   30    0    0    0    0    0    0    0    0    0    0    0    0    0 
  46   39   33    0    0    0    0    0    0    0    0    0    0    0    0    0 
  48   3b   35    0    0    0    0    0    0    0    0    0    0    0    0    0 
  47   3a   34    0    0    0    0    0    0    0    0    0    0    0    0    0 
  48   3b   35    0    0    0    0    0    0    0    0    0    0    0    0    0 
  47   3a   34    0    0    0    0    0    0    0    0    0    0    0    0    0 
  45   38   32    0    0    0    0    0    0    0    0    0    0    0    0    0 
  45   38   32    0    0    0    0    0    0    0    0    0    0    0    0    0 
  44   38   32    0    0    0    0    0    0    0    0    0    0    0    0    0 
  45   3a   34    0    0    0    0    0    0    0    0    0    0    0    0    0 
  43   38   32    0    0    0    0    0    0    0    0    0    0    0    0    0 
  3d   32   2c    0    0    0    0    0    0    0    0    0    0    0    0    0 
  47   3a   34    0    0    0    0    0    0    0    0    0    0    0    0    0 
  45   38   32    0    0    0    0    0    0    0    0    0    0    0    0    0 
  45   38   32    0    0    0    0    0    0    0    0    0    0    0    0    0 
  44   38   32    0    0    0    0    0    0    0    0    0    0    0    0    0 
  45   3a   34    0    0    0    0    0    0    0    0    0    0    0    0    0 
  43   38   32    0    0    0    0    0    0    0    0    0    0    0    0    0 
  3d   32   2c    0    0    0    0    0    0    0    0    0    0    0    0    0 
  3e   33   2d    0    0    0    0    0    0    0    0    0    0    0    0    0 
  45   38   32    0    0    0    0    0    0    0    0    0    0    0    0    0 
  45   38   32    0    0    0    0    0    0    0    0    0    0    0    0    0 
  44   38   32    0    0    0    0    0    0    0    0    0    0    0    0    0 
  45   3a   34    0    0    0    0    0    0    0    0    0    0    0    0    0 
  43   38   32    0    0    0    0    0    0    0    0    0    0    0    0    0 
  3d   32   2c    0    0    0    0    0    0    0    0    0    0    0    0    0 
  3e   33   2d    0    0    0    0    0    0    0    0    0    0    0    0    0 
  43   39   33    0    0    0    0    0    0    0    0    0    0    0    0    0 
  3e   33   2d    0    0    0    0    0    0    0    0    0    0    0    0    0 
  43   39   33    0    0    0    0    0    0    0    0    0    0    0    0    0 
  4a   3d   37    0    0    0    0    0    0    0    0    0    0    0    0    0 
  4f   42   3c    0    0    0    0    0    0    0    0    0    0    0    0    0 
  52   45   3f    0    0    0    0    0    0    0    0    0    0    0    0    0 
  54   47   41    0    0    0    0    0    0    0    0    0    0    0    0    0 
  56   49   43    0    0    0    0    0    0    0    0    0    0    0    0    0 
  56   49   43    0    0    0    0    0    0    0    0    0    0    0    0    0 
  43   39   33    0    0    0    0    0    0    0    0    0    0    0    0    0 
  4a   3d   37    0    0    0    0    0    0    0    0    0    0    0    0    0 
  4f   42   3c    0    0    0    0    0    0    0    0    0    0    0    0    0 
  52   45   3f    0    0    0    0    0    0    0    0    0    0    0    0    0 
  54   47   41    0    0    0    0    0    0    0    0    0    0    0    0    0 
  56   49   43    0    0    0    0    0    0    0    0    0    0    0    0    0 
  56   49   43    0    0    0    0    0    0    0    0    0    0    0    0    0 
  56   49   43    0    0    0    0    0    0    0    0    0    0    0    0    0 
  4a   3d   37    0    0    0    0    0    0    0    0    0    0    0    0    0 
  4f   42   3c    0    0    0    0    0    0    0    0    0    0    0    0    0 
  52   45   3f    0    0    0    0    0    0    0    0    0    0    0    0    0 
  54   47   41    0    0    0    0    0    0    0    0    0    0    0    0    0 
  56   49   43    0    0    0    0    0    0    0    0    0    0    0    0    0 
  56   49   43    0    0    0    0    0    0    0    0    0    0    0    0    0 
  56   49   43    0    0    0    0    0    0    0    0    0    0    0    0    0 
  51   44   3e    0    0    0    0    0    0    0    0    0    0    0    0    0 
  56   49   43    0    0    0    0    0    0    0    0    0    0    0    0    0 
  51   44   3e    0    0    0    0    0    0    0    0    0    0    0    0    0 
  51   44   3e    0    0    0    0    0    0    0    0    0    0    0    0    0 
  50   43   3d    0    0    0    0    0    0    0    0    0    0    0    0    0 
  50   43   3d    0    0    0    0    0    0    0    0    0    0    0    0    0 
  51   44   3e    0    0    0    0    0    0    0    0    0    0    0    0    0 
  52   45   3f    0    0    0    0    0    0    0    0    0    0    0    0    0 
  51   44   3e    0    0    0    0    0    0    0    0    0    0    0    0    0 
  51   44   3e    0    0    0    0    0    0    0    0    0    0    0    0    0 
  51   44   3e    0    0    0    0    0    0    0    0    0    0    0    0    0 
  50   43   3d    0    0    0    0    0    0    0    0    0    0    0    0    0 
  50   43   3d    0    0    0    0    0    0    0    0    0    0    0    0    0 
  51   44   3e    0    0    0    0    0    0    0    0    0    0    0    0    0 
  52   45   3f    0    0    0    0    0    0    0    0    0    0    0    0    0 
  51   44   3e    0    0    0    0    0    0    0    0    0    0    0    0    0 
  50   43   3d    0    0    0    0    0    0    0    0    0    0    0    0    0 
  51   44   3e    0    0    0    0    0    0    0    0    0    0    0    0    0 
  50   43   3d    0    0    0    0    0    0    0    0    0    0    0    0    0 
  50   43   3d    0    0    0    0    0    0    0    0    0    0    0    0    0 
  51   44   3e    0    0    0    0    0    0    0    0    0    0    0    0    0 
  52   45   3f    0    0    0    0    0    0    0    0    0    0    0    0    0 
  51   44   3e    0    0    0    0    0    0    0    0    0    0    0    0    0 
  50   43   3d    0    0    0    0    0    0    0    0    0    0    0    0    0 
  4f   42   3c    0    0    0    0    0    0    0    0    0    0    0    0    0 
  50   43   3d    0    0    0    0    0    0    0    0    0    0    0    0    0 
  4f   42   3c    0    0    0    0    0    0    0    0    0    0    0    0    0 
  4d   40   3a    0    0    0    0    0    0    0    0    0    0    0    0    0 
  4b   3e   38    0    0    0    0    0    0    0    0    0    0    0    0    0 
  4a   3d   37    0    0    0    0    0    0    0    0    0    0    0    0    0 
  4b   3e   38    0    0    0    0    0    0    0    0    0    0    0    0    0 
  50   43   3d    0    0    0    0    0    0    0    0    0    0    0    0    0 
  50   43   3d    0    0    0    0    0    0    0    0    0    0    0    0    0 
  4f   42   3c    0    0    0    0    0    0    0    0    0    0    0    0    0 
  4d   40   3a    0    0    0    0    0    0    0    0    0    0    0    0    0 
  4b   3e   38    0    0    0    0    0    0    0    0    0    0    0    0    0 
  4a   3d   37    0    0    0    0    0    0    0    0    0    0    0    0    0 
  4b   3e   38    0    0    0    0    0    0    0    0    0    0    0    0    0 
  50   43   3d    0    0    0    0    0    0    0    0    0    0    0    0    0 
  50   43   3d    0    0    0    0    0    0    0    0    0    0    0    0    0 
  4e   41   3b    0    0    0    0    0    0    0    0    0    0    0    0    0 
  4d   40   3a    0    0    0    0    0    0    0    0    0    0    0    0    0 
  4b   3e   38    0    0    0    0    0    0    0    0    0    0    0    0    0 
  4a   3d   37    0    0    0    0    0    0    0    0    0    0    0    0    0 
  4b   3e   38    0    0    0    0    0    0    0    0    0    0    0    0    0 
  50   43   3d    0    0    0    0    0    0    0    0    0    0    0    0    0 
  50   43   3d    0    0    0    0    0    0    0    0    0    0    0    0    0 
  4e   41   3b    0    0    0    0    0    0    0    0    0    0    0    0    0 
  4d   40   3a    0    0    0    0    0    0    0    0    0    0    0    0    0 
  4e   41   3b    0    0    0    0    0    0    0    0    0    0    0    0    0 
  4d   40   3a    0    0    0    0    0    0    0    0    0    0    0    0    0 
  4f   42   3c    0    0    0    0    0    0    0    0    0    0    0    0    0 
  4e   41   3b    0    0    0    0    0    0    0    0    0    0    0    0    0 
  4a   3d   37    0    0    0    0    0    0    0    0    0    0    0    0    0 
  49   3c   36    0    0    0    0    0    0    0    0    0    0    0    0    0 
  4a   3d   37    0    0    0    0    0    0    0    0    0    0    0    0    0 
  49   3e   38    0    0    0    0    0    0    0    0    0    0    0    0    0 
  4d   40   3a    0    0    0    0    0    0    0    0    0    0    0    0    0 
  4f   42   3c    0    0    0    0    0    0    0    0    0    0    0    0    0 
  4e   41   3b    0    0    0    0    0    0    0    0    0    0    0    0    0 
  4a   3d   37    0    0    0    0    0    0    0    0    0    0    0    0    0 
  49   3c   36    0    0    0    0    0    0    0    0    0    0    0    0    0 
  4a   3d   37    0    0    0    0    0    0    0    0    0    0    0    0    0 
  49   3e   38    0    0    0    0    0    0    0    0    0    0    0    0    0 
  4b   40   3a    0    0    0    0    0    0    0    0    0    0    0    0    0 
  4f   42   3c    0    0    0    0    0    0    0    0    0    0    0    0    0 
  4e   41   3b    0    0    0    0    0    0    0    0    0    0    0    0    0 
  4a   3d   37    0    0    0    0    0    0    0    0    0    0    0    0    0 
  49   3c   36    0    0    0    0    0    0    0    0    0    0    0    0    0 
  4a   3d   37    0    0    0    0    0    0    0    0    0    0    0    0    0 
  49   3e   38    0    0    0    0    0    0    0    0    0    0    0    0    0 
  4b   40   3a    0    0    0    0    0    0    0    0    0    0    0    0    0 
  49   3e   38    0    0    0    0    0    0    0    0    0    0    0    0    0 
  4b   40   3a    0    0    0    0    0    0    0    0    0    0    0    0    0 
  49   3e   38    0    0    0    0    0    0    0    0    0    0    0    0    0 
  4a   3f   39    0    0    0    0    0    0    0    0    0    0    0    0    0 
  48   3d   37    0    0    0    0    0    0    0    0    0    0    0    0    0 
  48   3d   37    0    0    0    0    0    0    0    0    0    0    0    0    0 
  48   3d   37    0    0    0    0    0    0    0    0    0    0    0    0    0 
  48   3d   37    0    0    0    0    0    0    0    0    0    0    0    0    0 
  48   3d   37    0    0    0    0    0    0    0    0    0    0    0    0    0 
  49   3e   38    0    0    0    0    0    0    0    0    0    0    0    0    0 
  4a   3f   39    0    0    0    0    0    0    0    0    0    0    0    0    0 
  48   3d   37    0    0    0    0    0    0    0    0    0    0    0    0    0 
  48   3d   37    0    0    0    0    0    0    0    0    0    0    0    0    0 
  48   3d   37    0    0    0    0    0    0    0    0    0    0    0    0    0 
  48   3d   37    0    0    0    0    0    0    0    0    0    0    0    0    0 
  48   3d   37    0    0    0    0    0    0    0    0    0    0    0    0    0 
  47   3c   36    0    0    0    0    0    0    0    0    0    0    0    0    0 
  4a   3f   39    0    0    0    0    0    0    0    0    0    0    0    0    0 
  48   3d   37    0    0    0    0    0    0    0    0    0    0    0    0    0 
  48   3d   37    0    0    0    0    0    0    0    0    0    0    0    0    0 
  48   3d   37    0    0    0    0    0    0    0    0    0    0    0    0    0 
  48   3d   37    0    0    0    0    0    0    0    0    0    0    0    0    0 
  48   3d   37    0    0    0    0    0    0    0    0    0    0    0    0    0 
  47   3c   36    0    0    0    0    0    0    0    0    0    0    0    0    0 
  47   3c   36    0    0    0    0    0    0    0    0    0    0    0    0    0 
  47   3c   36    0    0    0    0    0    0    0    0    0    0    0    0    0 
  47   3c   36    0    0    0    0    0    0    0    0    0    0    0    0    0 
  47   3c   36    0    0    0    0    0    0    0    0    0    0    0    0    0 
  47   3c   36    0    0    0    0    0    0    0    0    0    0    0    0    0 
  47   3c   36    0    0    0    0    0    0    0    0    0    0    0    0    0 
  46   3b   35    0    0    0    0    0    0    0    0    0    0    0    0    0 
  46   3b   35    0    0    0    0    0    0    0    0    0    0    0    0    0 
  46   3b   35    0    0    0    0    0    0    0    0    0    0    0    0    0 
  47   3c   36    0    0    0    0    0    0    0    0    0    0    0    0    0 
  47   3c   36    0    0    0    0    0    0    0    0    0    0    0    0    0 
  47   3c   36    0    0    0    0    0    0    0    0    0    0    0    0    0 
  47   3c   36    0    0    0    0    0    0    0    0    0    0    0    0    0 
  46   3b   35    0    0    0    0    0    0    0    0    0    0    0    0    0 
  46   3b   35    0    0    0    0    0    0    0    0    0    0    0    0    0 
  46   3b   35    0    0    0    0    0    0    0    0    0    0    0    0    0 
  48   3d   37    0    0    0    0    0    0    0    0    0    0    0    0    0 
  47   3c   36    0    0    0    0    0    0    0    0    0    0    0    0    0 
  47   3c   36    0    0    0    0    0    0    0    0    0    0    0    0    0 
  47   3c   36    0    0    0    0    0    0    0    0    0    0    0    0    0 
  46   3b   35    0    0    0    0    0    0    0    0    0    0    0    0    0 
  46   3b   35    0    0    0    0    0    0    0    0    0    0    0    0    0 
  46   3b   35    0    0    0    0    0    0    0    0    0    0    0    0    0 
  48   3d   37    0    0    0    0    0    0    0    0    0    0    0    0    0 
  48   3d   37    0    0    0    0    0    0    0    0    0    0    0    0    0 
  48   3d   37    0    0    0    0    0    0    0    0    0    0    0    0    0 
  48   3d   37    0    0    0    0    0    0    0    0    0    0    0    0    0 
  48   3d   37    0    0    0    0    0    0    0    0    0    0    0    0    0 
  47   3c   36    0    0    0    0    0    0    0    0    0    0    0    0    0 
  47   3c   36    0    0    0    0    0    0    0    0    0    0    0    0    0 
  47   3c   36    0    0    0    0    0    0    0    0    0    0    0    0    0 
  47   3b   33    0    0    0    0    0    0    0    0    0    0    0    0    0 
  45   3a   34    0    0    0    0    0    0    0    0    0    0    0    0    0 
  48   3d   37    0    0    0    0    0    0    0    0    0    0    0    0    0 
  48   3d   37    0    0    0    0    0    0    0    0    0    0    0    0    0 
  47   3c   36    0    0    0    0    0    0    0    0    0    0    0    0    0 
  47   3c   36    0    0    0    0    0    0    0    0    0    0    0    0    0 
  47   3c   36    0    0    0    0    0    0    0    0    0    0    0    0    0 
  47   3b   33    0    0    0    0    0    0    0    0    0    0    0    0    0 
  45   3a   34    0    0    0    0    0    0    0    0    0    0    0    0    0 
  43   3a   35    0    0    0    0    0    0    0    0    0    0    0    0    0 
  48   3d   37    0    0    0    0    0    0    0    0    0    0    0    0    0 
  47   3c   36    0    0    0    0    0    0    0    0    0    0    0    0    0 
  47   3c   36    0    0    0    0    0    0    0    0    0    0    0    0    0 
  47   3c   36    0    0    0    0    0    0    0    0    0    0    0    0    0 
  47   3b   33    0    0    0    0    0    0    0    0    0    0    0    0    0 
  45   3a   34    0    0    0    0    0    0    0    0    0    0    0    0    0 
  43   3a   35    0    0    0    0    0    0    0    0    0    0    0    0    0 
  3f   38   35    0    0    0    0    0    0    0    0    0    0    0    0    0 
  43   3a   35    0    0    0    0    0    0    0    0    0    0    0    0    0 
  3f   38   35    0    0    0    0    0    0    0    0    0    0    0    0    0 
  39   34   33    0    0    0    0    0    0    0    0    0    0    0    0    0 
  1f   1c   18    0    0    0    0    0    0    0    0    0    0    0    0    0 
   3   fc   fc    0    0    0    0    0    0    0    0    0    0    0    0    0 
  b9   aa   b9    0    0    0    0    0    0    0    0    0    0    0    0    0 
  bd   ad   ca    0    0    0    0    0    0    0    0    0    0    0    0    0 
  bc   b2   d3    0    0    0    0    0    0    0    0    0    0    0    0    0 
  3f   38   35    0    0    0    0    0    0    0    0    0    0    0    0    0 
  39   34   33    0    0    0    0    0    0    0    0    0    0    0    0    0 
  1f   1c   18    0    0    0    0    0    0    0    0    0    0    0    0    0 
   3   fc   fc    0    0    0    0    0    0    0    0    0    0    0    0    0 
  b9   aa   b9    0    0    0    0    0    0    0    0    0    0    0    0    0 
  bd   ad   ca    0    0    0    0    0    0    0    0    0    0    0    0    0 
  bc   b2   d3    0    0    0    0    0    0    0    0    0    0    0    0    0 
  b7   b6   d6    0    0    0    0    0    0    0    0    0    0    0    0    0 
  39   34   33    0    0    0    0    0    0    0    0    0    0    0    0    0 
  1f   1c   18    0    0    0    0    0    0    0    0    0    0    0    0    0 
   3   fc   fc    0    0    0    0    0    0    0    0    0    0    0    0    0 
  b9   aa   b9    0    0    0    0    0    0    0    0    0    0    0    0    0 
  bd   ad   ca    0    0    0    0    0    0    0    0    0    0    0    0    0 
  bc   b2   d3    0    0    0    0    0    0    0    0    0    0    0    0    0 
  b7   b6   d6    0    0    0    0    0    0    0    0    0    0    0    0    0 
  ba   bd   db    0    0    0    0    0    0    0    0    0    0    0    0    0 
  b7   b6   d6    0    0    0    0    0    0    0    0    0    0    0    0    0 
  ba   bd   db    0    0    0    0    0    0    0    0    0    0    0    0    0 
  ba   bd   db    0    0    0    0    0    0    0    0    0    0    0    0    0 
  b9   b8   d6    0    0    0    0    0    0    0    0    0    0    0    0    0 
  b6   b5   d1    0    0    0    0    0    0    0    0    0    0    0    0    0 
  b6   b4   cf    0    0    0    0    0    0    0    0    0    0    0    0    0 
  b8   b5   d0    0    0    0    0    0    0    0    0    0    0    0    0    0 
  b4   b1   ce    0    0    0    0    0    0    0    0    0    0    0    0    0 
  ba   bd   db    0    0    0    0    0    0    0    0    0    0    0    0    0 
  ba   bd   db    0    0    0    0    0    0    0    0    0    0    0    0    0 
  b9   b8   d6    0    0    0    0    0    0    0    0    0    0    0    0    0 
  b6   b5   d1    0    0    0    0    0    0    0    0    0    0    0    0    0 
  b6   b4   cf    0    0    0    0    0    0    0    0    0    0    0    0    0 
  b8   b5   d0    0    0    0    0    0    0    0    0    0    0    0    0    0 
  b4   b1   ce    0    0    0    0    0    0    0    0    0    0    0    0    0 
  b5   ae   c8    0    0    0    0    0    0    0    0    0    0    0    0    0 
  ba   bd   db    0    0    0    0    0    0    0    0    0    0    0    0    0 
  b9   b8   d6    0    0    0    0    0    0    0    0    0    0    0    0    0 
  b6   b5   d1    0    0    0    0    0    0    0    0    0    0    0    0    0 
  b6   b4   cf    0    0    0    0    0    0    0    0    0    0    0    0    0 
  b8   b5   d0    0    0    0    0    0    0    0    0    0    0    0    0    0 
  b4   b1   ce    0    0    0    0    0    0    0    0    0    0    0    0    0 
  b5   ae   c8    0    0    0    0    0    0    0    0    0    0    0    0    0 
  b5   a9   b9    0    0    0    0    0    0    0    0    0    0    0    0    0 
  b5   ae   c8    0    0    0    0    0    0    0    0    0    0    0    0    0 
  b5   a9   b9    0    0    0    0    0    0    0    0    0    0    0    0    0 
  bc   a9   b0    0    0    0    0    0    0    0    0    0    0    0    0    0 
  e4   cc   ca    0    0    0    0    0    0    0    0    0    0    0    0    0 
  24    c    5    0    0    0    0    0    0    0    0    0    0    0    0    0 
  2e   21   16    0    0    0    0    0    0    0    0    0    0    0    0    0 
  3f   34   2b    0    0    0    0    0    0    0    0    0    0    0    0    0 
  42   3a   33    0    0    0    0    0    0    0    0    0    0    0    0    0 
  b5   a9   b9    0    0    0    0    0    0    0    0    0    0    0    0    0 
  bc   a9   b0    0    0    0    0    0    0    0    0    0    0    0    0    0 
  e4   cc   ca    0    0    0    0    0    0    0    0    0    0    0    0    0 
  24    c    5    0    0    0    0    0    0    0    0    0    0    0    0    0 
  2e   21   16    0    0    0    0    0    0    0    0    0    0    0    0    0 
  3f   34   2b    0    0    0    0    0    0    0    0    0    0    0    0    0 
  42   3a   33    0    0    0    0    0    0    0    0    0    0    0    0    0 
  42   3b   36    0    0    0    0    0    0    0    0    0    0    0    0    0 
  bc   a9   b0    0    0    0    0    0    0    0    0    0    0    0    0    0 
  e4   cc   ca    0    0    0    0    0    0    0    0    0    0    0    0    0 
  24    c    5    0    0    0    0    0    0    0    0    0    0    0    0    0 
  2e   21   16    0    0    0    0    0    0    0    0    0    0    0    0    0 
  3f   34   2b    0    0    0    0    0    0    0    0    0    0    0    0    0 
  42   3a   33    0    0    0    0    0    0    0    0    0    0    0    0    0 
  42   3b   36    0    0    0    0    0    0    0    0    0    0    0    0    0 
  43   3d   37    0    0    0    0    0    0    0    0    0    0    0    0    0 
  42   3b   36    0    0    0    0    0    0    0    0    0    0    0    0    0 
  43   3d   37    0    0    0    0    0    0    0    0    0    0    0    0    0 
  45   3d   37    0    0    0    0    0    0    0    0    0    0    0    0    0 
  49   3e   38    0    0    0    0    0    0    0    0    0    0    0    0    0 
  4a   3f   39    0    0    0    0    0    0    0    0    0    0    0    0    0 
  4a   3f   39    0    0    0    0    0    0    0    0    0    0    0    0    0 
  4b   40   3a    0    0    0    0    0    0    0    0    0    0    0    0    0 
  4c   41   3b    0    0    0    0    0    0    0    0    0    0    0    0    0 
  43   3d   37    0    0    0    0    0    0    0    0    0    0    0    0    0 
  45   3d   37    0    0    0    0    0    0    0    0    0    0    0    0    0 
  49   3e   38    0    0    0    0    0    0    0    0    0    0    0    0    0 
  4a   3f   39    0    0    0    0    0    0    0    0    0    0    0    0    0 
  4a   3f   39    0    0    0    0    0    0    0    0    0    0    0    0    0 
  4b   40   3a    0    0    0    0    0    0    0    0    0    0    0    0    0 
  4c   41   3b    0    0    0    0    0    0    0    0    0    0    0    0    0 
  4e   41   3b    0    0    0    0    0    0    0    0    0    0    0    0    0 
  45   3d   37    0    0    0    0    0    0    0    0    0    0    0    0    0 
  49   3e   38    0    0    0    0    0    0    0    0    0    0    0    0    0 
  4a   3f   39    0    0    0    0    0    0    0    0    0    0    0    0    0 
  4a   3f   39    0    0    0    0    0    0    0    0    0    0    0    0    0 
  4b   40   3a    0    0    0    0    0    0    0    0    0    0    0    0    0 
  4c   41   3b    0    0    0    0    0    0    0    0    0    0    0    0    0 
  4e   41   3b    0    0    0    0    0    0    0    0    0    0    0    0    0 
  4f   42   3c    0    0    0    0    0    0    0    0    0    0    0    0    0 
  4e   41   3b    0    0    0    0    0    0    0    0    0    0    0    0    0 
  4f   42   3c    0    0    0    0    0    0    0    0    0    0    0    0    0 
  50   43   3d    0    0    0    0    0    0    0    0    0    0    0    0    0 
  52   45   3f    0    0    0    0    0    0    0    0    0    0    0    0    0 
  53   46   40    0    0    0    0    0    0    0    0    0    0    0    0    0 
  53   46   40    0    0    0    0    0    0    0    0    0    0    0    0    0 
  53   46   40    0    0    0    0    0    0    0    0    0    0    0    0    0 
  53   46   40    0    0    0    0    0    0    0    0    0    0    0    0    0 
  4f   42   3c    0    0    0    0    0    0    0    0    0    0    0    0    0 
  50   43   3d    0    0    0    0    0    0    0    0    0    0    0    0    0 
  52   45   3f    0    0    0    0    0    0    0    0    0    0    0    0    0 
  53   46   40    0    0    0    0    0    0    0    0    0    0    0    0    0 
  53   46   40    0    0    0    0    0    0    0    0    0    0    0    0    0 
  53   46   40    0    0    0    0    0    0    0    0    0    0    0    0    0 
  53   46   40    0    0    0    0    0    0    0    0    0    0    0    0    0 
  52   45   3f    0    0    0    0    0    0    0    0    0    0    0    0    0 
  50   43   3d    0    0    0    0    0    0    0    0    0    0    0    0    0 
  52   45   3f    0    0    0    0    0    0    0    0    0    0    0    0    0 
  53   46   40    0    0    0    0    0    0    0    0    0    0    0    0    0 
  53   46   40    0    0    0    0    0    0    0    0    0    0    0    0    0 
  53   46   40    0    0    0    0    0    0    0    0    0    0    0    0    0 
  53   46   40    0    0    0    0    0    0    0    0    0    0    0    0    0 
  52   45   3f    0    0    0    0    0    0    0    0    0    0    0    0    0 
  51   44   3e    0    0    0    0    0    0    0    0    0    0    0    0    0 
  52   45   3f    0    0    0    0    0    0    0    0    0    0    0    0    0 
  51   44   3e    0    0    0    0    0    0    0    0    0    0    0    0    0 
  51   44   3e    0    0    0    0    0    0    0    0    0    0    0    0    0 
  50   43   3d    0    0    0    0    0    0    0    0    0    0    0    0    0 
  4f   44   3e    0    0    0    0    0    0    0    0    0    0    0    0    0 
  4f   44   3e    0    0    0    0    0    0    0    0    0    0    0    0    0 
  4f   44   3e    0    0    0    0    0    0    0    0    0    0    0    0    0 
  4e   43   3d    0    0    0    0    0    0    0    0    0    0    0    0    0 
  51   44   3e    0    0    0    0    0    0    0    0    0    0    0    0    0 
  51   44   3e    0    0    0    0    0    0    0    0    0    0    0    0    0 
  50   43   3d    0    0    0    0    0    0    0    0    0    0    0    0    0 
  4f   44   3e    0    0    0    0    0    0    0    0    0    0    0    0    0 
  4f   44   3e    0    0    0    0    0    0    0    0    0    0    0    0    0 
  4f   44   3e    0    0    0    0    0    0    0    0    0    0    0    0    0 
  4e   43   3d    0    0    0    0    0    0    0    0    0    0    0    0    0 
  4e   43   3d    0    0    0    0    0    0    0    0    0    0    0    0    0 
  51   44   3e    0    0    0    0    0    0    0    0    0    0    0    0    0 
  50   43   3d    0    0    0    0    0    0    0    0    0    0    0    0    0 
  4f   44   3e    0    0    0    0    0    0    0    0    0    0    0    0    0 
  4f   44   3e    0    0    0    0    0    0    0    0    0    0    0    0    0 
  4f   44   3e    0    0    0    0    0    0    0    0    0    0    0    0    0 
  4e   43   3d    0    0    0    0    0    0    0    0    0    0    0    0    0 
  4e   43   3d    0    0    0    0    0    0    0    0    0    0    0    0    0 
  4e   43   3d    0    0    0    0    0    0    0    0    0    0    0    0    0 
  4e   43   3d    0    0    0    0    0    0    0    0    0    0    0    0    0 
  4e   43   3d    0    0    0    0    0    0    0    0    0    0    0    0    0 
  4e   43   3d    0    0    0    0    0    0    0    0    0    0    0    0    0 
  4f   44   3e    0    0    0    0    0    0    0    0    0    0    0    0    0 
  4c   41   3b    0    0    0    0    0    0    0    0    0    0    0    0    0 
  4b   40   3a    0    0    0    0    0    0    0    0    0    0    0    0    0 
  4a   40   3a    0    0    0    0    0    0    0    0    0    0    0    0    0 
  4b   40   3a    0    0    0    0    0    0    0    0    0    0    0    0    0 
  4e   43   3d    0    0    0    0    0    0    0    0    0    0    0    0    0 
  4e   43   3d    0    0    0    0    0    0    0    0    0    0    0    0    0 
  4f   44   3e    0    0    0    0    0    0    0    0    0    0    0    0    0 
  4c   41   3b    0    0    0    0    0    0    0    0    0    0    0    0    0 
  4b   40   3a    0    0    0    0    0    0    0    0    0    0    0    0    0 
  4a   40   3a    0    0    0    0    0    0    0    0    0    0    0    0    0 
  4b   40   3a    0    0    0    0    0    0    0    0    0    0    0    0    0 
  4b   40   3a    0    0    0    0    0    0    0    0    0    0    0    0    0 
  4e   43   3d    0    0    0    0    0    0    0    0    0    0    0    0    0 
  4f   44   3e    0    0    0    0    0    0    0    0    0    0    0    0    0 
  4c   41   3b    0    0    0    0    0    0    0    0    0    0    0    0    0 
  4b   40   3a    0    0    0    0    0    0    0    0    0    0    0    0    0 
  4a   40   3a    0    0    0    0    0    0    0    0    0    0    0    0    0 
  4b   40   3a    0    0    0    0    0    0    0    0    0    0    0    0    0 
  4b   40   3a    0    0    0    0    0    0    0    0    0    0    0    0    0 
  4b   40   3a    0    0    0    0    0    0    0    0    0    0    0    0    0 
  4b   40   3a    0    0    0    0    0    0    0    0    0    0    0    0    0 
  4b   40   3a    0    0    0    0    0    0    0    0    0    0    0    0    0 
  4a   3f   39    0    0    0    0    0    0    0    0    0    0    0    0    0 
  4a   3f   39    0    0    0    0    0    0    0    0    0    0    0    0    0 
  4a   3f   39    0    0    0    0    0    0    0    0    0    0    0    0    0 
  4a   3f   39    0    0    0    0    0    0    0    0    0    0    0    0    0 
  4a   3f   39    0    0    0    0    0    0    0    0    0    0    0    0    0 
  4a   3f   39    0    0    0    0    0    0    0    0    0    0    0    0    0 
  4b   40   3a    0    0    0    0    0    0    0    0    0    0    0    0    0 
  4a   3f   39    0    0    0    0    0    0    0    0    0    0    0    0    0 
  4a   3f   39    0    0    0    0    0    0    0    0    0    0    0    0    0 
  4a   3f   39    0    0    0    0    0    0    0    0    0    0    0    0    0 
  4a   3f   39    0    0    0    0    0    0    0    0    0    0    0    0    0 
  4a   3f   39    0    0    0    0    0    0    0    0    0    0    0    0    0 
  4a   3f   39    0    0    0    0    0    0    0    0    0    0    0    0    0 
  4a   3f   39    0    0    0    0    0    0    0    0    0    0    0    0    0 
  4a   3f   39    0    0    0    0    0    0    0    0    0    0    0    0    0 
  4a   3f   39    0    0    0    0    0    0    0    0    0    0    0    0    0 
  4a   3f   39    0    0    0    0    0    0    0    0    0    0    0    0    0 
  4a   3f   39    0    0    0    0    0    0    0    0    0    0    0    0    0 
  4a   3f   39    0    0    0    0    0    0    0    0    0    0    0    0    0 
  4a   3f   39    0    0    0    0    0    0    0    0    0    0    0    0    0 
  4a   3f   39    0    0    0    0    0    0    0    0    0    0    0    0    0 
  4a   3f   39    0    0    0    0    0    0    0    0    0    0    0    0    0 
  4a   3f   39    0    0    0    0    0    0    0    0    0    0    0    0    0 
  4a   3f   39    0    0    0    0    0    0    0    0    0    0    0    0    0 
  4a   3f   39    0    0    0    0    0    0    0    0    0    0    0    0    0 
  4a   3f   39    0    0    0    0    0    0    0    0    0    0    0    0    0 
  4a   3f   39    0    0    0    0    0    0    0    0    0    0    0    0    0 
  4a   3f   39    0    0    0    0    0    0    0    0    0    0    0    0    0 
  4a   3f   39    0    0    0    0    0    0    0    0    0    0    0    0    0 
  4a   3f   39    0    0    0    0    0    0    0    0    0    0    0    0    0 
  4a   3f   39    0    0    0    0    0    0    0    0    0    0    0    0    0 
  4a   3f   39    0    0    0    0    0    0    0    0    0    0    0    0    0 
  4a   3f   39    0    0    0    0    0    0    0    0    0    0    0    0    0 
  4a   3f   39    0    0    0    0    0    0    0    0    0    0    0    0    0 
  4a   3f   39    0    0    0    0    0    0    0    0    0    0    0    0    0 
  4a   3f   39    0    0    0    0    0    0    0    0    0    0    0    0    0 
  4a   3f   39    0    0    0    0    0    0    0    0    0    0    0    0    0 
  4a   3f   39    0    0    0    0    0    0    0    0    0    0    0    0    0 
  4a   3f   39    0    0    0    0    0    0    0    0    0    0    0    0    0 
  4a   3f   39    0    0    0    0    0    0    0    0    0    0    0    0    0 
  4a   3f   39    0    0    0    0    0    0    0    0    0    0    0    0    0 
  4a   3f   39    0    0    0    0    0    0    0    0    0    0    0    0    0 
  4a   3f   39    0    0    0    0    0    0    0    0    0    0    0    0    0 
  4a   3f   39    0    0    0    0    0    0    0    0    0    0    0    0    0 
  4a   3f   39    0    0    0    0    0    0    0    0    0    0    0    0    0 
  4a   3f   39    0    0    0    0    0    0    0    0    0    0    0    0    0 
  4a   3f   39    0    0    0    0    0    0    0    0    0    0    0    0    0 
  4a   3f   39    0    0    0    0    0    0    0    0    0    0    0    0    0 
  4a   3f   39    0    0    0    0    0    0    0    0    0    0    0    0    0 
  4b   40   3a    0    0    0    0    0    0    0    0    0    0    0    0    0 
  4c   41   3b    0    0    0    0    0    0    0    0    0    0    0    0    0 
  4c   41   3b    0    0    0    0    0    0    0    0    0    0    0    0    0 
  4e   43   3d    0    0    0    0    0    0    0    0    0    0    0    0    0 
  4e   43   3d    0    0    0    0    0    0    0    0    0    0    0    0    0 
  4a   3f   39    0    0    0    0    0    0    0    0    0    0    0    0    0 
  4a   3f   39    0    0    0    0    0    0    0    0    0    0    0    0    0 
  4b   40   3a    0    0    0    0    0    0    0    0    0    0    0    0    0 
  4c   41   3b    0    0    0    0    0    0    0    0    0    0    0    0    0 
  4c   41   3b    0    0    0    0    0    0    0    0    0    0    0    0    0 
  4e   43   3d    0    0    0    0    0    0    0    0    0    0    0    0    0 
  4e   43   3d    0    0    0    0    0    0    0    0    0    0    0    0    0 
  4e   43   3d    0    0    0    0    0    0    0    0    0    0    0    0    0 
  4a   3f   39    0    0    0    0    0    0    0    0    0    0    0    0    0 
  4b   40   3a    0    0    0    0    0    0    0    0    0    0    0    0    0 
  4c   41   3b    0    0    0    0    0    0    0    0    0    0    0    0    0 
  4c   41   3b    0    0    0    0    0    0    0    0    0    0    0    0    0 
  4e   43   3d    0    0    0    0    0    0    0    0    0    0    0    0    0 
  4e   43   3d    0    0    0    0    0    0    0    0    0    0    0    0    0 
  4e   43   3d    0    0    0    0    0    0    0    0    0    0    0    0    0 
  4e   43   3d    0    0    0    0    0    0    0    0    0    0    0    0    0 
  4e   43   3d    0    0    0    0    0    0    0    0    0    0    0    0    0 
  4e   43   3d    0    0    0    0    0    0    0    0    0    0    0    0    0 
  4f   44   3e    0    0    0    0    0    0    0    0    0    0    0    0    0 
  50   44   3e    0    0    0    0    0    0    0    0    0    0    0    0    0 
  50   45   3f    0    0    0    0    0    0    0    0    0    0    0    0    0 
  51   46   40    0    0    0    0    0    0    0    0    0    0    0    0    0 
  4e   43   3d    0    0    0    0    0    0    0    0    0    0    0    0    0 
  50   45   3f    0    0    0    0    0    0    0    0    0    0    0    0    0 
  4e   43   3d    0    0    0    0    0    0    0    0    0    0    0    0    0 
  4f   44   3e    0    0    0    0    0    0    0    0    0    0    0    0    0 
  50   44   3e    0    0    0    0    0    0    0    0    0    0    0    0    0 
  50   45   3f    0    0    0    0    0    0    0    0    0    0    0    0    0 
  51   46   40    0    0    0    0    0    0    0    0    0    0    0    0    0 
  4e   43   3d    0    0    0    0    0    0    0    0    0    0    0    0    0 
  50   45   3f    0    0    0    0    0    0    0    0    0    0    0    0    0 
  57   4c   46    0    0    0    0    0    0    0    0    0    0    0    0    0 
  4f   44   3e    0    0    0    0    0    0    0    0    0    0    0    0    0 
  50   44   3e    0    0    0    0    0    0    0    0    0    0    0    0    0 
  50   45   3f    0    0    0    0    0    0    0    0    0    0    0    0    0 
  51   46   40    0    0    0    0    0    0    0    0    0    0    0    0    0 
  4e   43   3d    0    0    0    0    0    0    0    0    0    0    0    0    0 
  50   45   3f    0    0    0    0    0    0    0    0    0    0    0    0    0 
  57   4c   46    0    0    0    0    0    0    0    0    0    0    0    0    0 
  54   49   43    0    0    0    0    0    0    0    0    0    0    0    0    0 
  57   4c   46    0    0    0    0    0    0    0    0    0    0    0    0    0 
  54   49   43    0    0    0    0    0    0    0    0    0    0    0    0    0 
  54   49   43    0    0    0    0    0    0    0    0    0    0    0    0    0 
  51   46   40    0    0    0    0    0    0    0    0    0    0    0    0    0 
  50   45   3f    0    0    0    0    0    0    0    0    0    0    0    0    0 
  54   4a   44    0    0    0    0    0    0    0    0    0    0    0    0    0 
  56   4b   45    0    0    0    0    0    0    0    0    0    0    0    0    0 
  53   48   42    0    0    0    0    0    0    0    0    0    0    0    0    0 
  54   49   43    0    0    0    0    0    0    0    0    0    0    0    0    0 
  54   49   43    0    0    0    0    0    0    0    0    0    0    0    0    0 
  51   46   40    0    0    0    0    0    0    0    0    0    0    0    0    0 
  50   45   3f    0    0    0    0    0    0    0    0    0    0    0    0    0 
  54   4a   44    0    0    0    0    0    0    0    0    0    0    0    0    0 
  56   4b   45    0    0    0    0    0    0    0    0    0    0    0    0    0 
  53   48   42    0    0    0    0    0    0    0    0    0    0    0    0    0 
  53   48   42    0    0    0    0    0    0    0    0    0    0    0    0    0 
  54   49   43    0    0    0    0    0    0    0    0    0    0    0    0    0 
  51   46   40    0    0    0    0    0    0    0    0    0    0    0    0    0 
  50   45   3f    0    0    0    0    0    0    0    0    0    0    0    0    0 
  54   4a   44    0    0    0    0    0    0    0    0    0    0    0    0    0 
  56   4b   45    0    0    0    0    0    0    0    0    0    0    0    0    0 
  53   48   42    0    0    0    0    0    0    0    0    0    0    0    0    0 
  53   48   42    0    0    0    0    0    0    0    0    0    0    0    0    0 
  52   47   41    0    0    0    0    0    0    0    0    0    0    0    0    0 
  53   48   42    0    0    0    0    0    0    0    0    0    0    0    0    0 
  52   47   41    0    0    0    0    0    0    0    0    0    0    0    0    0 
  50   45   3f    0    0    0    0    0    0    0    0    0    0    0    0    0 
  52   47   41    0    0    0    0    0    0    0    0    0    0    0    0    0 
  54   49   43    0    0    0    0    0    0    0    0    0    0    0    0    0 
  52   4a   42    0    0    0    0    0    0    0    0    0    0    0    0    0 
  52   49   41    0    0    0    0    0    0    0    0    0    0    0    0    0 
  52   48   40    0    0    0    0    0    0    0    0    0    0    0    0    0 
  52   47   41    0    0    0    0    0    0    0    0    0    0    0    0    0 
  50   45   3f    0    0    0    0    0    0    0    0    0    0    0    0    0 
  52   47   41    0    0    0    0    0    0    0    0    0    0    0    0    0 
  54   49   43    0    0    0    0    0    0    0    0    0    0    0    0    0 
  52   4a   42    0    0    0    0    0    0    0    0    0    0    0    0    0 
  52   49   41    0    0    0    0    0    0    0    0    0    0    0    0    0 
  52   48   40    0    0    0    0    0    0    0    0    0    0    0    0    0 
  52   47   3f    0    0    0    0    0    0    0    0    0    0    0    0    0 
  50   45   3f    0    0    0    0    0    0    0    0    0    0    0    0    0 
  52   47   41    0    0    0    0    0    0    0    0    0    0    0    0    0 
  54   49   43    0    0    0    0    0    0    0    0    0    0    0    0    0 
  52   4a   42    0    0    0    0    0    0    0    0    0    0    0    0    0 
  52   49   41    0    0    0    0    0    0    0    0    0    0    0    0    0 
  52   48   40    0    0    0    0    0    0    0    0    0    0    0    0    0 
  52   47   3f    0    0    0    0    0    0    0    0    0    0    0    0    0 
  55   48   40    0    0    0    0    0    0    0    0    0    0    0    0    0 
  52   47   3f    0    0    0    0    0    0    0    0    0    0    0    0    0 
  55   48   40    0    0    0    0    0    0    0    0    0    0    0    0    0 
  46   37   2f    0    0    0    0    0    0    0    0    0    0    0    0    0 
  27   13    8    0    0    0    0    0    0    0    0    0    0    0    0    0 
  f0   dc   d4    0    0    0    0    0    0    0    0    0    0    0    0    0 
  ce   b9   b5    0    0    0    0    0    0    0    0    0    0    0    0    0 
  c5   af   af    0    0    0    0    0    0    0    0    0    0    0    0    0 
  c5   af   b1    0    0    0    0    0    0    0    0    0    0    0    0    0 
  55   48   40    0    0    0    0    0    0    0    0    0    0    0    0    0 
  46   37   2f    0    0    0    0    0    0    0    0    0    0    0    0    0 
  27   13    8    0    0    0    0    0    0    0    0    0    0    0    0    0 
  f0   dc   d4    0    0    0    0    0    0    0    0    0    0    0    0    0 
  ce   b9   b5    0    0    0    0    0    0    0    0    0    0    0    0    0 
  c5   af   af    0    0    0    0    0    0    0    0    0    0    0    0    0 
  c5   af   b1    0    0    0    0    0    0    0    0    0    0    0    0    0 
  c4   b0   b8    0    0    0    0    0    0    0    0    0    0    0    0    0 
  46   37   2f    0    0    0    0    0    0    0    0    0    0    0    0    0 
  27   13    8    0    0    0    0    0    0    0    0    0    0    0    0    0 
  f0   dc   d4    0    0    0    0    0    0    0    0    0    0    0    0    0 
  ce   b9   b5    0    0    0    0    0    0    0    0    0    0    0    0    0 
  c5   af   af    0    0    0    0    0    0    0    0    0    0    0    0    0 
  c5   af   b1    0    0    0    0    0    0    0    0    0    0    0    0    0 
  c4   b0   b8    0    0    0    0    0    0    0    0    0    0    0    0    0 
  c7   b4   c1    0    0    0    0    0    0    0    0    0    0    0    0    0 
  c4   b0   b8    0    0    0    0    0    0    0    0    0    0    0    0    0 
  c7   b4   c1    0    0    0    0    0    0    0    0    0    0    0    0    0 
  cf   b7   c3    0    0    0    0    0    0    0    0    0    0    0    0    0 
  da   bc   c2    0    0    0    0    0    0    0    0    0    0    0    0    0 
  e3   c3   bf    0    0    0    0    0    0    0    0    0    0    0    0    0 
  14   f2   e5    0    0    0    0    0    0    0    0    0    0    0    0    0 
  32   1c    e    0    0    0    0    0    0    0    0    0    0    0    0    0 
  46   34   27    0    0    0    0    0    0    0    0    0    0    0    0    0 
  c7   b4   c1    0    0    0    0    0    0    0    0    0    0    0    0    0 
  cf   b7   c3    0    0    0    0    0    0    0    0    0    0    0    0    0 
  da   bc   c2    0    0    0    0    0    0    0    0    0    0    0    0    0 
  e3   c3   bf    0    0    0    0    0    0    0    0    0    0    0    0    0 
  14   f2   e5    0    0    0    0    0    0    0    0    0    0    0    0    0 
  32   1c    e    0    0    0    0    0    0    0    0    0    0    0    0    0 
  46   34   27    0    0    0    0    0    0    0    0    0    0    0    0    0 
  54   42   39    0    0    0    0    0    0    0    0    0    0    0    0    0 
  cf   b7   c3    0    0    0    0    0    0    0    0    0    0    0    0    0 
  da   bc   c2    0    0    0    0    0    0    0    0    0    0    0    0    0 
  e3   c3   bf    0    0    0    0    0    0    0    0    0    0    0    0    0 
  14   f2   e5    0    0    0    0    0    0    0    0    0    0    0    0    0 
  32   1c    e    0    0    0    0    0    0    0    0    0    0    0    0    0 
  46   34   27    0    0    0    0    0    0    0    0    0    0    0    0    0 
  54   42   39    0    0    0    0    0    0    0    0    0    0    0    0    0 
  58   49   3f    0    0    0    0    0    0    0    0    0    0    0    0    0 
  54   42   39    0    0    0    0    0    0    0    0    0    0    0    0    0 
  58   49   3f    0    0    0    0    0    0    0    0    0    0    0    0    0 
  5b   4c   43    0    0    0    0    0    0    0    0    0    0    0    0    0 
  5d   50   48    0    0    0    0    0    0    0    0    0    0    0    0    0 
  5c   51   4b    0    0    0    0    0    0    0    0    0    0    0    0    0 
  61   57   51    0    0    0    0    0    0    0    0    0    0    0    0    0 
  62   57   51    0    0    0    0    0    0    0    0    0    0    0    0    0 
  63   58   52    0    0    0    0    0    0    0    0    0    0    0    0    0 
  58   49   3f    0    0    0    0    0    0    0    0    0    0    0    0    0 
  5b   4c   43    0    0    0    0    0    0    0    0    0    0    0    0    0 
  5d   50   48    0    0    0    0    0    0    0    0    0    0    0    0    0 
  5c   51   4b    0    0    0    0    0    0    0    0    0    0    0    0    0 
  61   57   51    0    0    0    0    0    0    0    0    0    0    0    0    0 
  62   57   51    0    0    0    0    0    0    0    0    0    0    0    0    0 
  63   58   52    0    0    0    0    0    0    0    0    0    0    0    0    0 
  60   55   4f    0    0    0    0    0    0    0    0    0    0    0    0    0 
  5b   4c   43    0    0    0    0    0    0    0    0    0    0    0    0    0 
  5d   50   48    0    0    0    0    0    0    0    0    0    0    0    0    0 
  5c   51   4b    0    0    0    0    0    0    0    0    0    0    0    0    0 
  61   57   51    0    0    0    0    0    0    0    0    0    0    0    0    0 
  62   57   51    0    0    0    0    0    0    0    0    0    0    0    0    0 
  63   58   52    0    0    0    0    0    0    0    0    0    0    0    0    0 
  60   55   4f    0    0    0    0    0    0    0    0    0    0    0    0    0 
  5a   4f   49    0    0    0    0    0    0    0    0    0    0    0    0    0 
  60   55   4f    0    0    0    0    0    0    0    0    0    0    0    0    0 
  5a   4f   49    0    0    0    0    0    0    0    0    0    0    0    0    0 
  54   49   43    0    0    0    0    0    0    0    0    0    0    0    0    0 
  4f   44   3e    0    0    0    0    0    0    0    0    0    0    0    0    0 
  4e   43   3d    0    0    0    0    0    0    0    0    0    0    0    0    0 
  4f   44   3e    0    0    0    0    0    0    0    0    0    0    0    0    0 
  4d   42   3c    0    0    0    0    0    0    0    0    0    0    0    0    0 
  50   43   3d    0    0    0    0    0    0    0    0    0    0    0    0    0 
  5a   4f   49    0    0    0    0    0    0    0    0    0    0    0    0    0 
  54   49   43    0    0    0    0    0    0    0    0    0    0    0    0    0 
  4f   44   3e    0    0    0    0    0    0    0    0    0    0    0    0    0 
  4e   43   3d    0    0    0    0    0    0    0    0    0    0    0    0    0 
  4f   44   3e    0    0    0    0    0    0    0    0    0    0    0    0    0 
  4d   42   3c    0    0    0    0    0    0    0    0    0    0    0    0    0 
  50   43   3d    0    0    0    0    0    0    0    0    0    0    0    0    0 
  55   4a   44    0    0    0    0    0    0    0    0    0    0    0    0    0 
  54   49   43    0    0    0    0    0    0    0    0    0    0    0    0    0 
  4f   44   3e    0    0    0    0    0    0    0    0    0    0    0    0    0 
  4e   43   3d    0    0    0    0    0    0    0    0    0    0    0    0    0 
  4f   44   3e    0    0    0    0    0    0    0    0    0    0    0    0    0 
  4d   42   3c    0    0    0    0    0    0    0    0    0    0    0    0    0 
  50   43   3d    0    0    0    0    0    0    0    0    0    0    0    0    0 
  55   4a   44    0    0    0    0    0    0    0    0    0    0    0    0    0 
  5f   57   50    0    0    0    0    0    0    0    0    0    0    0    0    0 
//
  55   4a   44    0    0    0    0    0    0    0    0    0    0    0    0    0 
  5f   57   50    0    0    0    0    0    0    0    0    0    0    0    0    0 
  62   5e   58    0    0    0    0    0    0    0    0    0    0    0    0    0 
  69   69   64    0    0    0    0    0    0    0    0    0    0    0    0    0 
  6f   73   6d    0    0    0    0    0    0    0    0    0    0    0    0    0 
  71   7c   79    0    0    0    0    0    0    0    0    0    0    0    0    0 
  7f   7f   7f    0    0    0    0    0    0    0    0    0    0    0    0    0 
  7f   7f   7f    0    0    0    0    0    0    0    0    0    0    0    0    0 
  5f   57   50    0    0    0    0    0    0    0    0    0    0    0    0    0 
  62   5e   58    0    0    0    0    0    0    0    0    0    0    0    0    0 
  69   69   64    0    0    0    0    0    0    0    0    0    0    0    0    0 
  6f   73   6d    0    0    0    0    0    0    0    0    0    0    0    0    0 
  71   7c   79    0    0    0    0    0    0    0    0    0    0    0    0    0 
  7f   7f   7f    0    0    0    0    0    0    0    0    0    0    0    0    0 
  7f   7f   7f    0    0    0    0    0    0    0    0    0    0    0    0    0 
  7f   7f   7f    0    0    0    0    0    0    0    0    0    0    0    0    0 
  62   5e   58    0    0    0    0    0    0    0    0    0    0    0    0    0 
  69   69   64    0    0    0    0    0    0    0    0    0    0    0    0    0 
  6f   73   6d    0    0    0    0    0    0    0    0    0    0    0    0    0 
  71   7c   79    0    0    0    0    0    0    0    0    0    0    0    0    0 
  7f   7f   7f    0    0    0    0    0    0    0    0    0    0    0    0    0 
  7f   7f   7f    0    0    0    0    0    0    0    0    0    0    0    0    0 
  7f   7f   7f    0    0    0    0    0    0    0    0    0    0    0    0    0 
  7f   7f   7f    0    0    0    0    0    0    0    0    0    0    0    0    0
// 
  7f   7f   7f    0    0    0    0    0    0    0    0    0    0    0    0    0 
  7f   7f   7f    0    0    0    0    0    0    0    0    0    0    0    0    0 
  6e   7e   7f    0    0    0    0    0    0    0    0    0    0    0    0    0 
  47   5d   61    0    0    0    0    0    0    0    0    0    0    0    0    0 
  11   16   29    0    0    0    0    0    0    0    0    0    0    0    0    0 
  f4   f8   16    0    0    0    0    0    0    0    0    0    0    0    0    0 
  c9   d2   f9    0    0    0    0    0    0    0    0    0    0    0    0    0 
  b4   b5   e1    0    0    0    0    0    0    0    0    0    0    0    0    0 
  7f   7f   7f    0    0    0    0    0    0    0    0    0    0    0    0    0 
  6e   7e   7f    0    0    0    0    0    0    0    0    0    0    0    0    0 
  47   5d   61    0    0    0    0    0    0    0    0    0    0    0    0    0 
  11   16   29    0    0    0    0    0    0    0    0    0    0    0    0    0 
  f4   f8   16    0    0    0    0    0    0    0    0    0    0    0    0    0 
  c9   d2   f9    0    0    0    0    0    0    0    0    0    0    0    0    0 
  b4   b5   e1    0    0    0    0    0    0    0    0    0    0    0    0    0 
  b5   ae   dd    0    0    0    0    0    0    0    0    0    0    0    0    0 
  6e   7e   7f    0    0    0    0    0    0    0    0    0    0    0    0    0 
  47   5d   61    0    0    0    0    0    0    0    0    0    0    0    0    0 
  11   16   29    0    0    0    0    0    0    0    0    0    0    0    0    0 
  f4   f8   16    0    0    0    0    0    0    0    0    0    0    0    0    0 
  c9   d2   f9    0    0    0    0    0    0    0    0    0    0    0    0    0 
  b4   b5   e1    0    0    0    0    0    0    0    0    0    0    0    0    0 
  b5   ae   dd    0    0    0    0    0    0    0    0    0    0    0    0    0 
   0    0    0    0    0    0    0    0    0    0    0    0    0    0    0    0 
